+-----------------------------------------------+
|                 Method: basic                 |
+--------------+----------------------+---------+
| Problem Size |         Time         |  Memory |
+--------------+----------------------+---------+
|      16      | 0.030040740966796875 | 68560.0 |
|      64      | 0.18835067749023438  | 68684.0 |
|     128      |  0.6418228149414062  | 68940.0 |
|     256      |  2.401113510131836   | 69328.0 |
|     384      |  5.357027053833008   | 70092.0 |
|     512      |  9.689569473266602   | 70248.0 |
|     768      |  22.717952728271484  | 70556.0 |
|     1024     |  43.56575012207031   | 70904.0 |
|     1280     |  64.56732749938965   | 73360.0 |
|     1536     |  90.04068374633789   | 74584.0 |
|     2048     |  165.64559936523438  | 75776.0 |
|     2560     |  259.75537300109863  | 78388.0 |
|     3072     |  411.8609428405762   | 84092.0 |
|     3584     |  510.6792449951172   | 83972.0 |
|     3968     |  617.9378032684326   | 92980.0 |
+--------------+----------------------+---------+


+----------------------------------------------+
|              Method: efficient               |
+--------------+---------------------+---------+
| Problem Size |         Time        |  Memory |
+--------------+---------------------+---------+
|      16      | 0.04863739013671875 | 68828.0 |
|      64      |  0.3383159637451172 | 68940.0 |
|     128      |  1.1529922485351562 | 68940.0 |
|     256      |  4.149913787841797  | 68948.0 |
|     384      |  8.919239044189453  | 69068.0 |
|     512      |  16.274213790893555 | 68688.0 |
|     768      |  35.09116172790527  | 69068.0 |
|     1024     |  61.852216720581055 | 69080.0 |
|     1280     |  98.12521934509277  | 68944.0 |
|     1536     |  141.07084274291992 | 69072.0 |
|     2048     |  261.1842155456543  | 69196.0 |
|     2560     |  398.7703323364258  | 69076.0 |
|     3072     |  570.0373649597168  | 69068.0 |
|     3584     |  777.2233486175537  | 69072.0 |
|     3968     |  947.4101066589355  | 69200.0 |
+--------------+---------------------+---------+